temps=6500:3600
latlon=-19.940001:-44.049999
speed=1000
method=Auto
